7.428304622798572732e-01,7.126686529488469590e-01,7.115564388409751917e-01,7.180373984491781325e-01,7.104406474056267351e-01,7.088501895664796049e-01,2.880817466920227443e-01,7.117102723708031986e-01,6.954977983318866297e-01,5.474102256994490823e-01,5.475499069127361951e-01,5.052131761596462267e-01,5.277702459140156677e-01,5.345449750572596193e-01,5.520989330058292399e-01,5.509625639205147918e-01,5.325652383743929574e-01,5.528957699378154178e-01,5.647100596212270007e-01,5.792125240496166505e-01,5.727310882692272509e-01,5.733339534172552376e-01,5.672012972923173857e-01,5.522982369143469850e-01,5.673788473314768099e-01,5.428188127485615855e-01,5.321006712581307641e-01,5.433989201769938715e-01,5.806108712766215874e-01,5.328420392834339880e-01,5.215178883894382444e-01,5.026368088887553931e-01,5.322704541099474440e-01,5.106615983238078638e-01,5.272483783322051698e-01,5.108366768140019110e-01,5.270593281164444033e-01,4.986383846747253212e-01,4.732931662915752513e-01,5.041818457817852650e-01,5.123737015142115769e-01,4.783275019909662418e-01,4.682569236825402936e-01,4.719376652190084842e-01,4.852868363096967119e-01,5.066694439270258421e-01,5.119322572876521260e-01,4.869434546922288276e-01,5.191359080254338565e-01,4.163098747641716946e-01,5.775532604909150436e-01,5.108827430598932295e-01,5.601073973284247387e-01,1.486296335923668610e-01,2.831583560585639869e-01,1.871992632419039460e-01
7.126686529488469590e-01,7.377538359562096915e-01,7.117717866771228197e-01,7.193152806316635006e-01,7.112732068196638835e-01,7.087819540246282912e-01,2.893045186025831605e-01,7.123679091122127049e-01,6.941953674726009105e-01,5.524368458869163279e-01,5.509799284545880971e-01,5.104588229409233735e-01,5.302481589213857704e-01,5.376277103893972731e-01,5.561505181116227492e-01,5.540027324802309083e-01,5.359148701173566121e-01,5.574665699704669519e-01,5.683417701342057260e-01,5.832821714955956915e-01,5.752222514993702296e-01,5.781594462940350398e-01,5.696906190804432724e-01,5.567271724467154348e-01,5.722533801996952940e-01,5.479600440363092684e-01,5.366608987590123503e-01,5.472268478100009714e-01,5.860064032181963034e-01,5.377252001267364134e-01,5.260591959722278332e-01,5.057793298001442839e-01,5.380618722337326965e-01,5.159229533722086147e-01,5.331722653568427006e-01,5.158680606372227917e-01,5.327527611204653235e-01,5.036889007247064010e-01,4.787600355232759508e-01,5.080765846529053942e-01,5.172299762003801371e-01,4.815035934212610891e-01,4.715305789697211702e-01,4.762095527016282359e-01,4.896588043011795288e-01,5.120242471480924706e-01,5.161973534953755438e-01,4.909845470753352870e-01,5.238555859962104044e-01,4.213367550970087971e-01,5.817914192827032815e-01,5.190630484410170276e-01,5.653211142555938373e-01,1.495804255266170446e-01,2.862629949548523567e-01,1.856469368166633049e-01
7.115564388409751917e-01,7.117717866771228197e-01,7.615941559557648510e-01,7.173663810098840354e-01,7.091168012385922204e-01,7.067349532085439590e-01,2.844307198034049522e-01,7.092097576370804957e-01,6.917718887227447544e-01,5.516047339186438414e-01,5.515266670530500903e-01,5.111959157209201576e-01,5.320470467278457516e-01,5.385754093539186771e-01,5.558404526119576916e-01,5.547971539735628843e-01,5.355504328018575455e-01,5.571313712444021515e-01,5.688057823202825602e-01,5.821624143520760519e-01,5.738358672879121380e-01,5.765803725876591512e-01,5.677929256576840222e-01,5.544087044701264677e-01,5.696148276007513278e-01,5.453376255953508167e-01,5.353014340912126690e-01,5.473753006293201606e-01,5.827308029517322963e-01,5.372730810676544788e-01,5.270413206125356131e-01,5.065397027972745603e-01,5.395747729781749102e-01,5.170747219581837140e-01,5.331454963191196716e-01,5.149983611766563163e-01,5.323151266932479864e-01,5.045164891466713541e-01,4.795764094762244856e-01,5.090932219919365176e-01,5.190357241518958054e-01,4.833783644744723551e-01,4.751581521890202442e-01,4.773751110017429022e-01,4.902556693461194159e-01,5.121989955297936437e-01,5.182428583498576158e-01,4.940251363313279964e-01,5.249402080881028221e-01,4.237126978801467048e-01,5.852610127633425252e-01,5.184525532855530638e-01,5.684683547927551484e-01,1.560821781558992816e-01,2.894758599029378376e-01,1.953424739761398243e-01
7.180373984491781325e-01,7.193152806316635006e-01,7.173663810098840354e-01,7.486242360848646138e-01,7.162268402118031618e-01,7.130978329847147412e-01,2.919069002761483511e-01,7.183211214145297507e-01,6.987850042019689845e-01,5.577071134386349938e-01,5.561591288332303762e-01,5.146318543124336342e-01,5.362791078290791713e-01,5.437414672119567083e-01,5.612100905534076478e-01,5.598506720600113784e-01,5.409607493235550901e-01,5.620123509391281580e-01,5.743540591548547125e-01,5.874370626984132260e-01,5.794610008177779603e-01,5.827966662335981596e-01,5.723707480150181937e-01,5.599619328791306527e-01,5.748050128475039600e-01,5.513357962597240647e-01,5.409960225279326629e-01,5.509625639205147918e-01,5.902792720747611632e-01,5.431880320100624937e-01,5.319755407143811343e-01,5.110209241938504787e-01,5.435394741973750277e-01,5.205460730196012076e-01,5.386550603163148265e-01,5.208641052166499419e-01,5.383983727485585069e-01,5.079285920101399565e-01,4.821353874414307517e-01,5.136413460086979299e-01,5.207005638507758993e-01,4.865914777783282852e-01,4.776830774199304352e-01,4.800082717355756978e-01,4.951646081793020238e-01,5.161516274974119467e-01,5.228779714245999077e-01,4.962741904268245796e-01,5.294411350475146660e-01,4.265316734461238046e-01,5.888314836127843677e-01,5.230591151035309805e-01,5.719598580794473808e-01,1.531616801460155275e-01,2.899897724723674020e-01,1.913222022986071358e-01
7.104406474056267351e-01,7.112732068196638835e-01,7.091168012385922204e-01,7.162268402118031618e-01,7.366154714412260773e-01,7.068846805216092433e-01,2.885846827853791319e-01,7.096494167962741351e-01,6.928170708784593401e-01,5.496849645641488369e-01,5.470783605524874860e-01,5.044235478530242345e-01,5.273203837358600987e-01,5.342510598760893403e-01,5.519169047529557393e-01,5.509365162248494041e-01,5.311616257926088380e-01,5.533111100218188749e-01,5.647525139972801034e-01,5.792125240496166505e-01,5.718759677001835628e-01,5.743791212901649956e-01,5.648543923048097160e-01,5.521249327470216794e-01,5.685274184241431161e-01,5.435921740984533956e-01,5.326813300508637106e-01,5.438995047734725974e-01,5.816924463499693054e-01,5.334398970156679631e-01,5.203460931028855985e-01,5.016298762712770865e-01,5.329223794894573096e-01,5.113156223515742393e-01,5.279770831581026558e-01,5.114076908759330742e-01,5.284085417874989643e-01,4.989942487589807407e-01,4.735736689876833272e-01,5.037912370710617704e-01,5.127505541626913299e-01,4.782025046265873103e-01,4.688698946560450609e-01,4.702304362623701550e-01,4.843808869306036047e-01,5.075307131820295803e-01,5.112879995052281856e-01,4.877894543263280869e-01,5.192360776354791874e-01,4.171546181134589970e-01,5.770296012870114177e-01,5.117850490865302193e-01,5.597993141023362984e-01,1.497388640072846444e-01,2.842244584653330630e-01,1.866578597808474793e-01
7.088501895664796049e-01,7.087819540246282912e-01,7.067349532085439590e-01,7.130978329847147412e-01,7.068846805216092433e-01,7.344008324339521554e-01,2.842473776914638539e-01,7.093832102892060343e-01,6.933029656698159737e-01,5.445575793971088041e-01,5.424669801731014651e-01,5.007336823866940234e-01,5.232492651216335000e-01,5.283007027004656964e-01,5.481868152966443697e-01,5.450572681565163391e-01,5.262485219454736685e-01,5.480996051163266047e-01,5.607829260822394524e-01,5.756808685532189829e-01,5.686539636142372567e-01,5.697243010726219525e-01,5.619526445361792133e-01,5.488318001610622554e-01,5.630264637259106975e-01,5.402195724426028800e-01,5.279231316527251971e-01,5.399458308991675892e-01,5.771127535010532883e-01,5.272843819806951604e-01,5.142651592846870789e-01,4.952869296066820803e-01,5.272933825969868815e-01,5.039865671958891902e-01,5.203370017501870448e-01,5.034004222301515785e-01,5.214271217525161539e-01,4.914763877279565985e-01,4.664543236389229741e-01,4.968753206716396420e-01,5.066231104430898302e-01,4.707060987968568200e-01,4.609545320634063637e-01,4.648335502780129858e-01,4.800658358032257045e-01,5.003786420173109706e-01,5.061317956083147829e-01,4.798547473458962265e-01,5.112972072380610467e-01,4.142878191919880382e-01,5.702293012974875008e-01,5.077065468135627535e-01,5.513531505357536222e-01,1.478249025786917970e-01,2.815751078676090313e-01,1.846235788682686341e-01
2.880817466920227443e-01,2.893045186025831605e-01,2.844307198034049522e-01,2.919069002761483511e-01,2.885846827853791319e-01,2.842473776914638539e-01,3.573260670709401121e-01,2.894644377265707114e-01,2.838691689337624613e-01,2.319114257312806793e-01,2.323124606881876997e-01,2.049522061369607184e-01,2.142014504287291787e-01,2.239098547978050635e-01,2.283694783174582132e-01,2.416550955350692809e-01,2.288184616680672967e-01,2.325247413485193038e-01,2.357180571386674195e-01,2.543144227432653226e-01,2.555733255749942923e-01,2.419368058942266142e-01,2.460052899369806478e-01,2.321945174227073028e-01,2.380714918549674541e-01,2.289129720823622482e-01,2.173275765732805287e-01,2.171612784921313488e-01,2.456421730973729067e-01,1.980868956575329853e-01,1.968049513411606888e-01,1.851172487121064969e-01,2.031002892657158831e-01,1.956182535961598079e-01,2.024308513882470961e-01,1.916224461307802773e-01,1.986976777462730603e-01,1.967809833427578148e-01,1.821538365499579259e-01,1.949827150034477707e-01,1.956422329712700081e-01,1.721916684427273470e-01,1.664397164023108944e-01,1.691657626622725119e-01,1.722158626721683183e-01,1.890512039445955139e-01,1.889430104992552983e-01,1.761808849553544443e-01,1.957021803854788189e-01,1.227984995483841629e-01,2.152241681213071245e-01,1.671790310957647629e-01,2.067071856742875580e-01,0.000000000000000000e+00,6.144618474468026281e-02,1.912175105219281537e-02
7.117102723708031986e-01,7.123679091122127049e-01,7.092097576370804957e-01,7.183211214145297507e-01,7.096494167962741351e-01,7.093832102892060343e-01,2.894644377265707114e-01,7.392161529245195872e-01,6.947826703147378380e-01,5.474538793558036964e-01,5.471045666885359093e-01,5.052688827035904939e-01,5.262304931476323722e-01,5.339926640943464253e-01,5.515093175485035193e-01,5.513618274948414166e-01,5.325920305401753430e-01,5.516220807987941566e-01,5.639453697560402601e-01,5.790385262439158298e-01,5.718759677001835628e-01,5.739863574644535893e-01,5.652956660206236439e-01,5.516134074183649538e-01,5.668883427152102694e-01,5.408019963529772101e-01,5.314390037578970993e-01,5.439258406169517057e-01,5.808670019586550382e-01,5.326277517675856998e-01,5.208641052166499419e-01,5.017231679653234577e-01,5.333150155276192850e-01,5.110853996860255100e-01,5.286062025019002686e-01,5.095456310822227275e-01,5.267981729889071874e-01,4.988818887972172322e-01,4.724801339876364970e-01,5.021241892629169090e-01,5.110761892535331530e-01,4.755344975194361057e-01,4.660250253521838193e-01,4.689282493112522654e-01,4.843618031312182937e-01,5.055937536180491465e-01,5.115365670881555360e-01,4.851343282251655564e-01,5.171477870174023828e-01,4.134199687619782293e-01,5.757308776101359715e-01,5.101361087095457325e-01,5.578616990782425678e-01,1.445307933388937371e-01,2.799213866918892069e-01,1.813943790866685835e-01
6.954977983318866297e-01,6.941953674726009105e-01,6.917718887227447544e-01,6.987850042019689845e-01,6.928170708784593401e-01,6.933029656698159737e-01,2.838691689337624613e-01,6.947826703147378380e-01,7.132999755436500999e-01,5.302929654446707497e-01,5.272033711091493879e-01,4.857060813055682491e-01,5.099147358970258503e-01,5.135403839622127986e-01,5.323597963120535459e-01,5.335469197846535172e-01,5.144485303166577150e-01,5.328241845996608550e-01,5.445224989914170255e-01,5.631882241904992981e-01,5.566841570500586922e-01,5.535446179923828591e-01,5.504327164551062745e-01,5.375567997324015579e-01,5.498589390555931322e-01,5.281568907330433937e-01,5.137239407410306713e-01,5.242534783555763411e-01,5.631541729419072828e-01,5.088622925815140530e-01,4.979449036245033322e-01,4.793075778638699602e-01,5.088992462105900172e-01,4.881029070174054962e-01,5.035679395419775384e-01,4.848292235025778441e-01,5.046187110668522990e-01,4.787888628340609132e-01,4.521423149332443048e-01,4.837795258536552456e-01,4.894976667862054875e-01,4.538762840083392369e-01,4.458317653289611271e-01,4.491120736515437084e-01,4.645696352608471580e-01,4.820779723230381175e-01,4.876184270926721132e-01,4.632292392059443875e-01,4.947692816969783691e-01,3.977025131055135221e-01,5.487621035378675849e-01,4.877704531490459905e-01,5.324223287979310548e-01,1.380064018894413547e-01,2.668293022379750745e-01,1.730020618635719210e-01
5.474102256994490823e-01,5.524368458869163279e-01,5.516047339186438414e-01,5.577071134386349938e-01,5.496849645641488369e-01,5.445575793971088041e-01,2.319114257312806793e-01,5.474538793558036964e-01,5.302929654446707497e-01,6.645424615547315117e-01,5.924762160502833330e-01,5.568475996748057932e-01,5.760058504335053842e-01,5.891164603294241076e-01,5.997812191747147192e-01,5.684261628965860957e-01,5.474975300328971395e-01,5.912126268229884740e-01,6.033927615833346580e-01,5.882284791731178242e-01,5.715402865563552481e-01,6.034482536585714652e-01,5.889943453863699663e-01,5.818326529202817454e-01,5.933977687519795818e-01,5.756725332916531324e-01,5.670998164485606674e-01,5.875268675221252401e-01,6.160331480578641328e-01,5.787898664240335167e-01,5.619441145719752395e-01,5.494326168335920135e-01,5.765554052082068059e-01,5.681307359034811766e-01,5.818821293375033843e-01,5.694295187519378132e-01,5.786157404817191541e-01,5.590369993173736063e-01,5.351146239791405579e-01,5.623107951073260669e-01,5.690250075930495255e-01,5.375833921198630572e-01,5.248589204662174046e-01,5.298447669268530058e-01,5.382301439414067801e-01,5.601416192393341431e-01,5.647779851882104296e-01,5.436712159147315537e-01,5.690671570299098425e-01,4.284980065476137190e-01,5.819975575625180308e-01,5.225608563214594326e-01,5.722282269030003476e-01,1.756372384287218646e-01,3.068762529506826042e-01,2.135828349188815256e-01
5.475499069127361951e-01,5.509799284545880971e-01,5.515266670530500903e-01,5.561591288332303762e-01,5.470783605524874860e-01,5.424669801731014651e-01,2.323124606881876997e-01,5.471045666885359093e-01,5.272033711091493879e-01,5.924762160502833330e-01,6.727244154627813888e-01,5.577758229449299998e-01,5.791462453926198295e-01,5.925166675959178120e-01,6.017889008056778177e-01,5.673281241303793632e-01,5.489711705184818769e-01,5.949221844303980156e-01,6.041374532047280033e-01,5.875023767325288082e-01,5.714647319215103716e-01,6.058762299033922938e-01,5.923710280478574619e-01,5.834959907814561975e-01,5.972288773498628522e-01,5.784332662369657818e-01,5.678436093933211248e-01,5.887500347902552278e-01,6.180327083057027826e-01,5.774203126631249905e-01,5.640728853146479427e-01,5.515179923604215384e-01,5.752389348241335743e-01,5.667614225996711053e-01,5.820552628820883090e-01,5.689322683066230235e-01,5.794775621071392990e-01,5.593625978025862366e-01,5.388585690364410263e-01,5.622596436482271143e-01,5.691514469331265813e-01,5.383541061693034591e-01,5.263476718765602858e-01,5.278242094924238126e-01,5.366786511321337549e-01,5.625153579152785133e-01,5.691851595454119339e-01,5.450835568470749903e-01,5.699431873728364462e-01,4.297693777996607345e-01,5.817089430350881329e-01,5.241088166932137415e-01,5.704564109103358316e-01,1.769418094972728950e-01,3.068084947750457370e-01,2.116187881361791534e-01
5.052131761596462267e-01,5.104588229409233735e-01,5.111959157209201576e-01,5.146318543124336342e-01,5.044235478530242345e-01,5.007336823866940234e-01,2.049522061369607184e-01,5.052688827035904939e-01,4.857060813055682491e-01,5.568475996748057932e-01,5.577758229449299998e-01,6.126023604134550604e-01,5.500676454848939523e-01,5.613040266439781600e-01,5.691935873994644624e-01,5.312421666138811283e-01,5.124196697261061972e-01,5.592597958653522383e-01,5.702208881557108144e-01,5.506846664915061584e-01,5.295936463932493510e-01,5.712967980418396374e-01,5.498502414638116731e-01,5.449783956538847285e-01,5.592169566473893516e-01,5.385488568937707443e-01,5.359059837770591139e-01,5.601501744183481346e-01,5.821624143520760519e-01,5.524108590311542777e-01,5.388143333590300621e-01,5.233488467238175401e-01,5.495196446196166651e-01,5.397514933840454887e-01,5.569250048186696889e-01,5.438029308470663237e-01,5.529650123779614734e-01,5.311079265780991321e-01,5.076972934660970438e-01,5.325652383743929574e-01,5.388674158153343718e-01,5.098409299459304433e-01,4.974009188122444081e-01,5.018817370625208163e-01,5.112695836874132649e-01,5.349099623625381827e-01,5.403166790693632038e-01,5.163802280612636020e-01,5.427308724560256925e-01,4.002287736977003796e-01,5.549006996829985994e-01,4.933745938380751928e-01,5.470696249354872753e-01,1.541233087854020911e-01,2.767356013813233595e-01,1.896762316824788241e-01
5.277702459140156677e-01,5.302481589213857704e-01,5.320470467278457516e-01,5.362791078290791713e-01,5.273203837358600987e-01,5.232492651216335000e-01,2.142014504287291787e-01,5.262304931476323722e-01,5.099147358970258503e-01,5.760058504335053842e-01,5.791462453926198295e-01,5.500676454848939523e-01,6.506328589164590559e-01,5.833479706580008139e-01,5.921686866551633122e-01,5.503979568546975010e-01,5.322972580156642985e-01,5.828295950034735329e-01,5.908151298442602117e-01,5.689322683066230235e-01,5.517608386617537386e-01,5.886033967772571485e-01,5.771210680644190960e-01,5.733841641852656101e-01,5.853265813041075294e-01,5.687298778112036546e-01,5.563829656834715642e-01,5.811642997592456616e-01,6.081358713796212179e-01,5.726137924715738459e-01,5.582909005795223534e-01,5.453989375280345886e-01,5.698084976802061385e-01,5.604153257021239343e-01,5.766386256188745785e-01,5.643618209957366183e-01,5.734427379712220274e-01,5.535446179923828591e-01,5.308214587077686453e-01,5.585740099850466933e-01,5.633924915175834158e-01,5.351502108937569169e-01,5.238917674815330994e-01,5.254548073272020670e-01,5.333150155276192850e-01,5.570453935933420420e-01,5.644042998807463629e-01,5.399546630551869120e-01,5.653889709546021658e-01,4.259093491732102721e-01,5.738358672879121380e-01,5.178324053811367289e-01,5.634435475908845525e-01,1.742353451609798265e-01,3.018197899249709382e-01,2.113210557039820470e-01
5.345449750572596193e-01,5.376277103893972731e-01,5.385754093539186771e-01,5.437414672119567083e-01,5.342510598760893403e-01,5.283007027004656964e-01,2.239098547978050635e-01,5.339926640943464253e-01,5.135403839622127986e-01,5.891164603294241076e-01,5.925166675959178120e-01,5.613040266439781600e-01,5.833479706580008139e-01,6.684089065618068481e-01,6.100962037973374219e-01,5.618758705557530542e-01,5.446452720760216470e-01,6.011682853819964034e-01,6.080808749396482416e-01,5.810239284524182368e-01,5.656942314023942764e-01,6.039790964312045096e-01,5.912612801981905752e-01,5.878859421175863798e-01,6.008099077725080894e-01,5.813541588479461675e-01,5.699684382812152394e-01,5.944628895326506957e-01,6.224586999916379426e-01,5.900599074361849716e-01,5.763972534662932246e-01,5.639453697560402601e-01,5.879104160456607442e-01,5.798831642055561897e-01,5.952040152559811004e-01,5.848510359483624077e-01,5.925571161535915232e-01,5.748717911313725448e-01,5.511969448746829592e-01,5.776197229190496163e-01,5.829283698289063897e-01,5.549438386551569513e-01,5.407226054164340212e-01,5.429067411396810705e-01,5.502762832268194293e-01,5.760558314941540692e-01,5.826566976081113403e-01,5.617393595763885417e-01,5.843915069040485077e-01,4.413958363381415007e-01,5.893361994319259445e-01,5.324401941552105999e-01,5.794941229179370046e-01,1.805744043709677227e-01,3.140745832439302276e-01,2.177313908035534984e-01
5.520989330058292399e-01,5.561505181116227492e-01,5.558404526119576916e-01,5.612100905534076478e-01,5.519169047529557393e-01,5.481868152966443697e-01,2.283694783174582132e-01,5.515093175485035193e-01,5.323597963120535459e-01,5.997812191747147192e-01,6.017889008056778177e-01,5.691935873994644624e-01,5.921686866551633122e-01,6.100962037973374219e-01,6.871213994151142979e-01,5.753723841939297756e-01,5.560816280402215428e-01,6.108001016967721242e-01,6.225885030675716303e-01,5.955420190643441192e-01,5.778190642604251748e-01,6.182561013583196541e-01,5.992861039441739202e-01,5.978380613681215650e-01,6.105421177584934300e-01,5.871185471786203314e-01,5.798831642055561897e-01,6.044619354690606849e-01,6.299532826002677277e-01,5.970203139331333730e-01,5.838330030458857012e-01,5.697832399538628190e-01,5.967875902590841219e-01,5.896209166884238684e-01,6.042957622778303284e-01,5.904254667481692032e-01,6.000764725399205801e-01,5.823272232892928724e-01,5.538126124472575462e-01,5.853019939983897801e-01,5.889373492060859805e-01,5.564776415896985906e-01,5.429594924615411822e-01,5.458279576407227829e-01,5.557284464863244677e-01,5.829119085542688872e-01,5.882203259803411299e-01,5.646251419022884077e-01,5.894501039103934303e-01,4.476977337750847052e-01,6.022816926596717968e-01,5.452587873922990491e-01,5.910017458018549386e-01,1.833950208504455393e-01,3.189431403347426919e-01,2.236374764701164197e-01
5.509625639205147918e-01,5.540027324802309083e-01,5.547971539735628843e-01,5.598506720600113784e-01,5.509365162248494041e-01,5.450572681565163391e-01,2.416550955350692809e-01,5.513618274948414166e-01,5.335469197846535172e-01,5.684261628965860957e-01,5.673281241303793632e-01,5.312421666138811283e-01,5.503979568546975010e-01,5.618758705557530542e-01,5.753723841939297756e-01,6.615524697899746176e-01,5.533197600165746799e-01,5.741618803456093323e-01,5.816182053450869027e-01,5.821047199189519628e-01,5.690840159674084298e-01,5.888559159278861088e-01,5.807513442745571020e-01,5.684514783930901816e-01,5.775366436874480591e-01,5.572345286614489579e-01,5.431265100467073115e-01,5.588912809868580300e-01,5.902142842309178183e-01,5.405902657804444456e-01,5.268522132478635767e-01,5.124104763186422273e-01,5.376720256885986204e-01,5.294770231496072066e-01,5.464316030659088774e-01,5.289564602010665695e-01,5.417891664414385966e-01,5.252291531959945026e-01,4.992563567679931813e-01,5.257164735394674882e-01,5.296923119641397948e-01,4.958982421696385701e-01,4.848006138821497890e-01,4.860489338223250022e-01,4.973540052408879641e-01,5.209276943134969473e-01,5.304184079513857286e-01,5.048324020942556167e-01,5.302840043769792011e-01,3.983005570556497066e-01,5.499980843068871250e-01,4.896493265494910596e-01,5.407049616777828138e-01,1.512497357608952320e-01,2.770924372678346681e-01,1.869706845209524182e-01
5.325652383743929574e-01,5.359148701173566121e-01,5.355504328018575455e-01,5.409607493235550901e-01,5.311616257926088380e-01,5.262485219454736685e-01,2.288184616680672967e-01,5.325920305401753430e-01,5.144485303166577150e-01,5.474975300328971395e-01,5.489711705184818769e-01,5.124196697261061972e-01,5.322972580156642985e-01,5.446452720760216470e-01,5.560816280402215428e-01,5.533197600165746799e-01,6.158629340519942152e-01,5.551853617465556390e-01,5.617990868945644811e-01,5.611844691100150717e-01,5.479425967559331534e-01,5.666683307478371789e-01,5.598164338994796596e-01,5.477070118105518137e-01,5.559265974394648202e-01,5.351946918660964725e-01,5.255540717344870938e-01,5.370513412162036815e-01,5.681813909359803016e-01,5.211547510354664903e-01,5.111222402422916922e-01,4.954186384147887257e-01,5.223251914646982463e-01,5.098224772852912867e-01,5.246330712805794549e-01,5.111774975555134493e-01,5.219534039548812121e-01,5.029442111251635206e-01,4.811300251713028220e-01,5.043863680623112966e-01,5.106339504793060424e-01,4.800370542861414624e-01,4.679064520330113996e-01,4.700944824691046242e-01,4.797875711826799505e-01,5.029814633602915919e-01,5.109380186822066738e-01,4.851152626389692024e-01,5.116378108267803926e-01,3.829190109707396039e-01,5.329670087859903482e-01,4.718892131161377956e-01,5.231406143464371050e-01,1.433099353806998044e-01,2.640016918263764500e-01,1.780526207780135928e-01
5.528957699378154178e-01,5.574665699704669519e-01,5.571313712444021515e-01,5.620123509391281580e-01,5.533111100218188749e-01,5.480996051163266047e-01,2.325247413485193038e-01,5.516220807987941566e-01,5.328241845996608550e-01,5.912126268229884740e-01,5.949221844303980156e-01,5.592597958653522383e-01,5.828295950034735329e-01,6.011682853819964034e-01,6.108001016967721242e-01,5.741618803456093323e-01,5.551853617465556390e-01,6.802631438487950488e-01,6.159325740055766607e-01,5.955581092273111166e-01,5.797093699090842822e-01,6.101040301826768930e-01,5.974293429612292927e-01,5.964905211168789467e-01,6.077429116017615263e-01,5.875023767325288082e-01,5.698505914985199095e-01,5.927027062211609465e-01,6.220461571280537783e-01,5.844982167217533942e-01,5.711372165355667052e-01,5.597479518434099743e-01,5.842026630898463635e-01,5.761641090163798218e-01,5.918447850446532099e-01,5.792456605067187736e-01,5.873554093928202713e-01,5.687636143446109793e-01,5.477768238151264901e-01,5.720185742270833540e-01,5.769547540648714001e-01,5.496327629160701056e-01,5.351146239791405579e-01,5.382744188395623963e-01,5.453113472662390881e-01,5.730577172084863058e-01,5.767551140937698939e-01,5.556767445458872245e-01,5.787484126520333616e-01,4.409942321516266972e-01,5.877309155801161422e-01,5.333150155276192850e-01,5.776114155342844114e-01,1.825877147463144945e-01,3.148384987805765145e-01,2.213149259588365336e-01
5.647100596212270007e-01,5.683417701342057260e-01,5.688057823202825602e-01,5.743540591548547125e-01,5.647525139972801034e-01,5.607829260822394524e-01,2.357180571386674195e-01,5.639453697560402601e-01,5.445224989914170255e-01,6.033927615833346580e-01,6.041374532047280033e-01,5.702208881557108144e-01,5.908151298442602117e-01,6.080808749396482416e-01,6.225885030675716303e-01,5.816182053450869027e-01,5.617990868945644811e-01,6.159325740055766607e-01,6.826802717111435381e-01,6.006505512631026278e-01,5.821047199189519628e-01,6.193638847903840672e-01,6.023055257942557805e-01,5.967233729482670501e-01,6.112141682736504933e-01,5.879022581892190402e-01,5.801644335842555122e-01,6.021625108806094584e-01,6.285827833797502651e-01,5.974533938187404081e-01,5.815109512304332817e-01,5.644552705974816842e-01,5.937611120203454274e-01,5.850068623636057730e-01,6.012399319051933144e-01,5.861782757451150516e-01,5.963780739355621918e-01,5.774120024069195889e-01,5.517174801101741854e-01,5.779104060105624274e-01,5.843258292761405182e-01,5.536915968956049872e-01,5.411547283958705323e-01,5.439609534081736308e-01,5.560557922932946040e-01,5.791296745319548522e-01,5.850970579206886679e-01,5.606889098066903943e-01,5.879838313724145005e-01,4.478871065314567468e-01,6.030358872615143584e-01,5.423173936711620513e-01,5.914882723826523359e-01,1.839611925329148190e-01,3.183046741370487154e-01,2.220024742071531887e-01
5.792125240496166505e-01,5.832821714955956915e-01,5.821624143520760519e-01,5.874370626984132260e-01,5.792125240496166505e-01,5.756808685532189829e-01,2.543144227432653226e-01,5.790385262439158298e-01,5.631882241904992981e-01,5.882284791731178242e-01,5.875023767325288082e-01,5.506846664915061584e-01,5.689322683066230235e-01,5.810239284524182368e-01,5.955420190643441192e-01,5.821047199189519628e-01,5.611844691100150717e-01,5.955581092273111166e-01,6.006505512631026278e-01,6.851685454648499540e-01,5.998690142715179530e-01,6.177783809555991157e-01,6.074440629747941411e-01,5.961611454005329991e-01,6.059314598998920554e-01,5.856215450077943974e-01,5.712548070954238666e-01,5.870286765804179074e-01,6.186795035985281910e-01,5.628816941012765307e-01,5.509712462471887395e-01,5.348921627327222206e-01,5.637072687461134324e-01,5.535964968377576900e-01,5.694379431373371991e-01,5.531034743472192927e-01,5.654992217695901102e-01,5.480211057632468075e-01,5.210094432287685207e-01,5.503979568546975010e-01,5.541409653116865508e-01,5.193180239794391584e-01,5.057886073807995597e-01,5.107168908445851585e-01,5.220531713020938325e-01,5.427396670208339824e-01,5.488318001610622554e-01,5.241811513057728078e-01,5.530255932483884029e-01,4.257562568277915571e-01,5.750053247282080893e-01,5.183613892335368067e-01,5.649053250023524653e-01,1.658335811250834790e-01,3.015251514440789316e-01,2.029090406446825701e-01
5.727310882692272509e-01,5.752222514993702296e-01,5.738358672879121380e-01,5.794610008177779603e-01,5.718759677001835628e-01,5.686539636142372567e-01,2.555733255749942923e-01,5.718759677001835628e-01,5.566841570500586922e-01,5.715402865563552481e-01,5.714647319215103716e-01,5.295936463932493510e-01,5.517608386617537386e-01,5.656942314023942764e-01,5.778190642604251748e-01,5.690840159674084298e-01,5.479425967559331534e-01,5.797093699090842822e-01,5.821047199189519628e-01,5.998690142715179530e-01,6.977373103078056138e-01,5.974694271266313139e-01,5.996694590709997774e-01,5.903604961198304357e-01,5.973892558102326111e-01,5.792953616031294439e-01,5.568562007240276390e-01,5.671590157002035504e-01,6.047941240973226940e-01,5.421765749602610596e-01,5.322704541099474440e-01,5.167549737170027413e-01,5.413310230470114170e-01,5.333774591780475749e-01,5.487359653371878254e-01,5.350078518395802174e-01,5.446540406889870400e-01,5.319308456026251575e-01,5.086220482794067133e-01,5.345805923576970597e-01,5.385577078326715394e-01,5.017324964928980835e-01,4.921285387221618346e-01,4.941476404427972424e-01,5.024877196057315754e-01,5.286601000240552795e-01,5.312779594527052840e-01,5.115641804257051728e-01,5.333774591780475749e-01,4.101381025149321014e-01,5.515440160804380154e-01,5.030280260263425562e-01,5.408725579864803734e-01,1.640144250657502023e-01,2.921691821608309869e-01,2.001342026223100479e-01
5.733339534172552376e-01,5.781594462940350398e-01,5.765803725876591512e-01,5.827966662335981596e-01,5.743791212901649956e-01,5.697243010726219525e-01,2.419368058942266142e-01,5.739863574644535893e-01,5.535446179923828591e-01,6.034482536585714652e-01,6.058762299033922938e-01,5.712967980418396374e-01,5.886033967772571485e-01,6.039790964312045096e-01,6.182561013583196541e-01,5.888559159278861088e-01,5.666683307478371789e-01,6.101040301826768930e-01,6.193638847903840672e-01,6.177783809555991157e-01,5.974694271266313139e-01,7.177655249916289337e-01,6.186871984972494021e-01,6.081830065394717710e-01,6.217479945354814630e-01,5.970363601392272290e-01,5.903604961198304357e-01,6.085363835493854401e-01,6.380942187669964571e-01,5.900274015588077292e-01,5.776778712623930057e-01,5.596452144219429270e-01,5.877064337594899435e-01,5.804042305286905012e-01,5.973732201138628461e-01,5.825249308493553047e-01,5.917475772687342817e-01,5.711036149263283290e-01,5.470870960503292357e-01,5.717836744660453885e-01,5.812963823466006374e-01,5.482478553308897107e-01,5.342688765962289033e-01,5.371932632743300351e-01,5.456441268968772462e-01,5.711204159701925853e-01,5.793781871925107740e-01,5.556853618344452794e-01,5.806356631415844349e-01,4.439218748362411260e-01,6.015900646582964528e-01,5.385400058360192421e-01,5.904173458380552741e-01,1.762654425429175387e-01,3.136025497362066039e-01,2.151052716653827357e-01
5.672012972923173857e-01,5.696906190804432724e-01,5.677929256576840222e-01,5.723707480150181937e-01,5.648543923048097160e-01,5.619526445361792133e-01,2.460052899369806478e-01,5.652956660206236439e-01,5.504327164551062745e-01,5.889943453863699663e-01,5.923710280478574619e-01,5.498502414638116731e-01,5.771210680644190960e-01,5.912612801981905752e-01,5.992861039441739202e-01,5.807513442745571020e-01,5.598164338994796596e-01,5.974293429612292927e-01,6.023055257942557805e-01,6.074440629747941411e-01,5.996694590709997774e-01,6.186871984972494021e-01,7.113101632335793179e-01,6.106124898701468240e-01,6.198324121151728150e-01,6.013911539343006485e-01,5.769630709014599290e-01,5.909368430761694491e-01,6.301863292724939614e-01,5.696821982833686349e-01,5.595253323522288991e-01,5.436097397798155262e-01,5.701619928140273519e-01,5.619867631978255895e-01,5.764804966091278127e-01,5.617393595763885417e-01,5.735347706481260799e-01,5.590198577763264565e-01,5.350434444520272281e-01,5.626772546453427948e-01,5.653295967614518913e-01,5.336628418392770357e-01,5.219624743039489312e-01,5.260231279685058103e-01,5.328866739172860578e-01,5.577672346746792575e-01,5.615516070233085300e-01,5.396808109286829191e-01,5.624301317786697396e-01,4.382183525075099007e-01,5.757475463386393377e-01,5.259419680415582388e-01,5.636051967654434058e-01,1.804176158772813621e-01,3.166904210988487067e-01,2.147842193902510244e-01
5.522982369143469850e-01,5.567271724467154348e-01,5.544087044701264677e-01,5.599619328791306527e-01,5.521249327470216794e-01,5.488318001610622554e-01,2.321945174227073028e-01,5.516134074183649538e-01,5.375567997324015579e-01,5.818326529202817454e-01,5.834959907814561975e-01,5.449783956538847285e-01,5.733841641852656101e-01,5.878859421175863798e-01,5.978380613681215650e-01,5.684514783930901816e-01,5.477070118105518137e-01,5.964905211168789467e-01,5.967233729482670501e-01,5.961611454005329991e-01,5.903604961198304357e-01,6.081830065394717710e-01,6.106124898701468240e-01,7.121590758338744998e-01,6.188487639509115956e-01,5.994378815701554286e-01,5.698758463541502284e-01,5.863500955279126181e-01,6.281150161743276339e-01,5.689912858906488458e-01,5.581192558127698877e-01,5.444084745153255911e-01,5.700778464442971538e-01,5.632222735265113300e-01,5.755308155398407566e-01,5.650920414018357762e-01,5.746797829273815328e-01,5.612954875969080604e-01,5.379998665802967484e-01,5.664397712206076241e-01,5.691514469331265813e-01,5.346340147478610971e-01,5.275633460586700574e-01,5.274643718226728062e-01,5.336895902352831733e-01,5.607230992161990057e-01,5.635031075706612436e-01,5.458542148873681832e-01,5.650835555481712458e-01,4.439118647653960692e-01,5.734260032019811160e-01,5.318593272586228382e-01,5.608854728013377144e-01,1.838166496489361534e-01,3.209798126364419857e-01,2.264543034649242614e-01
5.673788473314768099e-01,5.722533801996952940e-01,5.696148276007513278e-01,5.748050128475039600e-01,5.685274184241431161e-01,5.630264637259106975e-01,2.380714918549674541e-01,5.668883427152102694e-01,5.498589390555931322e-01,5.933977687519795818e-01,5.972288773498628522e-01,5.592169566473893516e-01,5.853265813041075294e-01,6.008099077725080894e-01,6.105421177584934300e-01,5.775366436874480591e-01,5.559265974394648202e-01,6.077429116017615263e-01,6.112141682736504933e-01,6.059314598998920554e-01,5.973892558102326111e-01,6.217479945354814630e-01,6.198324121151728150e-01,6.188487639509115956e-01,7.233814722821760856e-01,6.082379921392319089e-01,5.844571768764970088e-01,6.007939742697692154e-01,6.420681034780579832e-01,5.870940384505793919e-01,5.771543251214494852e-01,5.608342015927507695e-01,5.854249197621932410e-01,5.778937994964172820e-01,5.928886816227941781e-01,5.797673072036092501e-01,5.899623840653489548e-01,5.744125357956381128e-01,5.511535475545770169e-01,5.754974651615240022e-01,5.823766566393034916e-01,5.474888001358210188e-01,5.396366305299500343e-01,5.429155333242029480e-01,5.487708160330068141e-01,5.748801378784761384e-01,5.800072706859664695e-01,5.594653825360013100e-01,5.796514267521819530e-01,4.556957287238365684e-01,5.935189100623978753e-01,5.447943223015309089e-01,5.815109512304332817e-01,1.892675770632802623e-01,3.265263518275750565e-01,2.252830552024396027e-01
5.428188127485615855e-01,5.479600440363092684e-01,5.453376255953508167e-01,5.513357962597240647e-01,5.435921740984533956e-01,5.402195724426028800e-01,2.289129720823622482e-01,5.408019963529772101e-01,5.281568907330433937e-01,5.756725332916531324e-01,5.784332662369657818e-01,5.385488568937707443e-01,5.687298778112036546e-01,5.813541588479461675e-01,5.871185471786203314e-01,5.572345286614489579e-01,5.351946918660964725e-01,5.875023767325288082e-01,5.879022581892190402e-01,5.856215450077943974e-01,5.792953616031294439e-01,5.970363601392272290e-01,6.013911539343006485e-01,5.994378815701554286e-01,6.082379921392319089e-01,7.077381619298160897e-01,5.679618546998137507e-01,5.815357039744758483e-01,6.243032591812400778e-01,5.669644818693974075e-01,5.539163214445181893e-01,5.420181174993826678e-01,5.651344688767111490e-01,5.576813454030429273e-01,5.735598679567555092e-01,5.595510233385047050e-01,5.714479406867820632e-01,5.605606824930268184e-01,5.361281066612838542e-01,5.616796264020592622e-01,5.635116156610379123e-01,5.331454963191196716e-01,5.269962997821671102e-01,5.249311766029461923e-01,5.308035504364181367e-01,5.599105842409500822e-01,5.617734901895722333e-01,5.430474018097362077e-01,5.618076188905336554e-01,4.342917427714753087e-01,5.677929256576840222e-01,5.233941063635960678e-01,5.572259328668781597e-01,1.900487712799794060e-01,3.166904210988487067e-01,2.262177403144312593e-01
5.321006712581307641e-01,5.366608987590123503e-01,5.353014340912126690e-01,5.409960225279326629e-01,5.326813300508637106e-01,5.279231316527251971e-01,2.173275765732805287e-01,5.314390037578970993e-01,5.137239407410306713e-01,5.670998164485606674e-01,5.678436093933211248e-01,5.359059837770591139e-01,5.563829656834715642e-01,5.699684382812152394e-01,5.798831642055561897e-01,5.431265100467073115e-01,5.255540717344870938e-01,5.698505914985199095e-01,5.801644335842555122e-01,5.712548070954238666e-01,5.568562007240276390e-01,5.903604961198304357e-01,5.769630709014599290e-01,5.698758463541502284e-01,5.844571768764970088e-01,5.679618546998137507e-01,6.532134610530698771e-01,5.766219824938855210e-01,6.035750707419222927e-01,5.611759283898759554e-01,5.508409988234029830e-01,5.334042189630940900e-01,5.597993141023362984e-01,5.494152098456130950e-01,5.664651710285365516e-01,5.526879967966776830e-01,5.636137034213188901e-01,5.430737722932729161e-01,5.210639371960933408e-01,5.496501639423776453e-01,5.535964968377576900e-01,5.233850546718878949e-01,5.078823381586377028e-01,5.137698225894312687e-01,5.245246374322365401e-01,5.454952730595030719e-01,5.524801549269034995e-01,5.280400211952775980e-01,5.547108527513133769e-01,4.184615183881276734e-01,5.703386612554887103e-01,5.152639609709919188e-01,5.608427470929275849e-01,1.619270863254731463e-01,2.945732786397089464e-01,2.020841037896049797e-01
5.433989201769938715e-01,5.472268478100009714e-01,5.473753006293201606e-01,5.509625639205147918e-01,5.438995047734725974e-01,5.399458308991675892e-01,2.171612784921313488e-01,5.439258406169517057e-01,5.242534783555763411e-01,5.875268675221252401e-01,5.887500347902552278e-01,5.601501744183481346e-01,5.811642997592456616e-01,5.944628895326506957e-01,6.044619354690606849e-01,5.588912809868580300e-01,5.370513412162036815e-01,5.927027062211609465e-01,6.021625108806094584e-01,5.870286765804179074e-01,5.671590157002035504e-01,6.085363835493854401e-01,5.909368430761694491e-01,5.863500955279126181e-01,6.007939742697692154e-01,5.815357039744758483e-01,5.766219824938855210e-01,6.960444890648446181e-01,6.335564909202701100e-01,6.050786898056720320e-01,5.894501039103934303e-01,5.761474522521055075e-01,6.025279166068940873e-01,5.913180370302676403e-01,6.093599919552374899e-01,5.966912614263272241e-01,6.053473044327142283e-01,5.824096098133821897e-01,5.564432156591836431e-01,5.891897163818562433e-01,5.897185003168715633e-01,5.631882241904992981e-01,5.483176082183203182e-01,5.539076796845089357e-01,5.638348345142795148e-01,5.868570652551717837e-01,5.922981937520950257e-01,5.696821982833686349e-01,5.941645429582389504e-01,4.539059793011392396e-01,6.008975335045889654e-01,5.534754395153812512e-01,5.922901004549575577e-01,1.871992632419039460e-01,3.237949234709116553e-01,2.240045868898427606e-01
