6.372286365338066805e-01,6.272510841759690869e-01,6.280603575678236350e-01,6.016940301770877797e-01,5.967804250520599707e-01,5.996042602341246086e-01,5.455136888582476917e-01,5.493028019615925350e-01,5.369184933205675136e-01,5.470642934052841744e-01,5.332379086130036860e-01,5.339624835309924045e-01,5.595714414886863164e-01,5.551434890672527489e-01,5.374262593901860674e-01,5.505394579529363508e-01,5.531014202344517461e-01,5.624743135110068515e-01,5.735771031103725770e-01,5.588277348590384719e-01,5.842911469713467643e-01,5.729742979904977052e-01,5.866365080226724205e-01,5.823469440343247427e-01,4.946783098685033631e-01,5.037184988298677446e-01,5.003605835976445704e-01,5.003433245226586168e-01,3.763184706415192982e-01,4.068392325807299037e-01,4.295192375364160209e-01,4.000156398585241746e-01,3.673908560013248170e-01,3.530257228669295699e-01,3.857060122736734042e-01,4.068584445992053933e-01,4.423484157468267619e-01,4.207865356503822651e-01,4.036643283205183508e-01,4.319943632096963637e-01,4.353217518659805996e-01,3.782338207858274015e-01,3.931863384848786058e-01,3.854512113383892769e-01,4.244363506855921564e-01,3.928554051860503327e-01,1.983265522159678163e-01,4.406802721648475640e-01,4.001316671733327612e-01,3.775628283836715005e-01,3.845883720426575558e-01,1.445767091047493180e-01,3.798898628257679211e-01,3.794366641867201184e-01,3.128297492961018000e-01,3.018638118142771276e-01,3.563064025732937123e-01,3.095027577188922407e-01,3.369012003790408660e-01,3.451207463821125976e-01,3.235274125603858630e-01,3.808153973620578836e-01,3.408140201732800523e-01,3.243928917495405018e-01,3.618614189951788740e-01,3.272944528441722456e-01,3.704339563563774362e-01,3.436800060540666224e-01,3.508270341576467111e-01,3.561254887535244551e-01,4.158480807874874174e-01,3.069816732449566210e-01,3.387775558094806572e-01,3.632411907108444860e-01,3.031815102073755486e-01,3.697385203287361644e-01,2.875050499196081244e-01,3.554216812668183345e-01,3.348586444835705556e-01,3.065645486966150912e-01,2.576281288498390998e-01,3.408140201732800523e-01,1.910613225469787180e-01,3.221662798474873024e-01,3.720021283259545286e-01,2.714384418167145041e-01,3.299436784632779895e-01,2.393975270674019440e-01,3.243722914057111661e-01,2.976310461174676569e-01
6.272510841759690869e-01,6.521606063113397633e-01,6.414077294728404155e-01,6.100722862313449069e-01,6.064315240328247425e-01,6.095516771890510110e-01,5.510687151926934035e-01,5.549841926181431351e-01,5.458047124180304133e-01,5.537243195123395800e-01,5.405787517133509024e-01,5.399266260651128801e-01,5.680827409484106028e-01,5.643129840421370336e-01,5.465478412798967511e-01,5.570042323292782038e-01,5.595556273146122805e-01,5.725256559963578518e-01,5.804876537878986831e-01,5.684101040317436349e-01,5.922104497749673957e-01,5.817684720163528445e-01,5.948796962944835620e-01,5.903387062106311145e-01,5.004641296970426811e-01,5.117665925617438383e-01,5.055203326855597368e-01,5.050917233948261087e-01,3.827427815496641239e-01,4.128349688896060243e-01,4.354337048391542231e-01,4.082791345056825394e-01,3.713274784538015405e-01,3.576322871183525431e-01,3.889544444091629916e-01,4.144761436496753326e-01,4.444939601084767489e-01,4.237565966643092596e-01,4.071849938376164713e-01,4.358067841439194345e-01,4.409214147892128177e-01,3.822317584175781713e-01,3.942368625984286612e-01,3.897357592975562723e-01,4.311138114781715713e-01,3.972077522902256463e-01,2.013768125887826499e-01,4.454910132268360412e-01,4.044926690595229135e-01,3.819761591261817135e-01,3.898724317817510721e-01,1.504774099916206531e-01,3.816811642392535786e-01,3.811499774701692655e-01,3.127882090385976643e-01,3.035995851032527448e-01,3.587160306497550466e-01,3.088364459576595222e-01,3.380640414672774208e-01,3.477342685693387558e-01,3.270888707994564770e-01,3.811893332751010721e-01,3.430301284944825002e-01,3.281575589583676789e-01,3.642999348997175701e-01,3.302719036578581346e-01,3.760219945471407477e-01,3.451207463821125976e-01,3.585555369702509987e-01,3.581943486913218289e-01,4.220740444615811438e-01,3.069816732449566210e-01,3.407936713131747841e-01,3.692216423441162521e-01,3.045189383003173433e-01,3.768321799930495208e-01,2.915759542904781676e-01,3.609206654407362547e-01,3.379212919177708163e-01,3.091071717171748334e-01,2.550684443118855782e-01,3.439845229282545991e-01,1.862653918322643432e-01,3.195847266615076121e-01,3.746770043261843930e-01,2.672533290728553723e-01,3.266364813244428400e-01,2.297815135012962473e-01,3.249695763944813187e-01,2.969804213493387746e-01
6.280603575678236350e-01,6.414077294728404155e-01,6.542066340429298910e-01,6.117318179285138324e-01,6.084653845464276234e-01,6.123797387813280091e-01,5.537243195123395800e-01,5.577342797989265355e-01,5.486916157008774331e-01,5.568612961482679591e-01,5.425312343044100816e-01,5.424662456900517515e-01,5.713947968609630612e-01,5.681918819625035866e-01,5.512770888426973270e-01,5.604248017819430938e-01,5.633864887521218279e-01,5.756127617300774713e-01,5.843517956111301537e-01,5.716428424366366556e-01,5.961129609091169179e-01,5.854272228363288644e-01,5.991026748306199634e-01,5.937777922172828848e-01,5.046285453710200875e-01,5.139045422171542032e-01,5.089231653156019997e-01,5.087354821146077288e-01,3.853924027717846590e-01,4.155433690849187900e-01,4.384699353676567157e-01,4.099085705539824986e-01,3.749342569908875600e-01,3.601194450384742618e-01,3.931084809862398499e-01,4.168187262114816383e-01,4.481076226574101096e-01,4.268682069742431584e-01,4.093721033494603923e-01,4.391391702633436478e-01,4.444754857598863795e-01,3.865288131577755970e-01,3.976342572609977144e-01,3.923101167199967154e-01,4.338090695733757274e-01,4.005569909126123762e-01,2.051510657685123029e-01,4.487881589354356104e-01,4.076842207764920234e-01,3.858823784647572031e-01,3.937506366912923439e-01,1.535361750220580190e-01,3.864113077970669496e-01,3.852355646218155738e-01,3.170812556078244637e-01,3.075654495016770795e-01,3.631812336981924405e-01,3.131620282639053232e-01,3.420546962493969945e-01,3.509077885777034389e-01,3.291843521810509099e-01,3.842940685077450569e-01,3.443904328897786082e-01,3.302103675147547990e-01,3.669327134781296129e-01,3.347359907590313766e-01,3.785297205982257052e-01,3.479973481552849912e-01,3.619214421050220842e-01,3.613210760291301615e-01,4.236810389470264115e-01,3.096484729382111278e-01,3.439845229282545991e-01,3.708311620589365698e-01,3.072527409820689503e-01,3.791015741986257237e-01,2.955943019497642710e-01,3.628814035210305988e-01,3.412616142793747365e-01,3.118948042824917777e-01,2.583588054163641901e-01,3.453438144453764291e-01,1.915714676897309343e-01,3.233418822225955780e-01,3.771679416128279061e-01,2.707345187553162336e-01,3.313585789164251172e-01,2.359654102069383141e-01,3.283424390643955859e-01,3.010893871284184842e-01
6.016940301770877797e-01,6.100722862313449069e-01,6.117318179285138324e-01,6.597808615489699768e-01,6.405939372926403585e-01,6.434763798156202252e-01,5.829856224212782712e-01,5.857297888729021684e-01,5.791121537646755080e-01,5.889720698744003169e-01,5.687528629013079984e-01,5.698576925428117113e-01,6.036292741961849506e-01,5.983937529666640831e-01,5.784231643669522915e-01,5.918964420273891136e-01,5.898585157142577362e-01,5.995600216300671637e-01,6.114147575422528291e-01,5.983198529856738057e-01,6.247589782436523409e-01,6.124085161927419474e-01,6.282554962003606969e-01,6.227617202180637523e-01,5.316377840427475299e-01,5.420111435775433195e-01,5.374098859168320308e-01,5.378027374438685282e-01,4.191937403728177025e-01,4.464500952073539031e-01,4.705754915096647117e-01,4.435327927921604574e-01,4.083366884125970153e-01,3.953640567955165608e-01,4.257190257555313329e-01,4.507532678410236526e-01,4.746700479569900821e-01,4.511934417103813932e-01,4.360864953841540048e-01,4.663524799041725011e-01,4.692480018091882421e-01,4.067623809078624308e-01,4.256436215506458343e-01,4.164381940581488029e-01,4.624158589841768086e-01,4.320318152502401476e-01,2.249783564818464421e-01,4.807469778048286124e-01,4.391020033191727623e-01,4.150670702822036873e-01,4.233787491200805553e-01,1.726963470124170952e-01,4.153719277486482842e-01,4.182824108411893893e-01,3.473294238152376812e-01,3.342452624575983910e-01,3.922516765889300094e-01,3.435175674915522115e-01,3.734889370023030675e-01,3.837444929077707956e-01,3.494736225738560020e-01,4.084326043765901804e-01,3.638605702867891423e-01,3.479366423440907186e-01,3.854512113383892769e-01,3.552607543432732551e-01,3.983899120459692966e-01,3.704140925128855955e-01,3.821334579165238665e-01,3.829196196389261786e-01,4.448449008812829231e-01,3.344497546271143484e-01,3.655572181055717906e-01,3.872922920461974727e-01,3.268626947860389098e-01,3.953446324846585647e-01,3.126428087149905055e-01,3.850983129817527328e-01,3.604800600558148993e-01,3.295538074098420811e-01,2.751665007490585735e-01,3.648189749724161102e-01,2.011780008789819940e-01,3.415870401029064141e-01,3.937895428782923202e-01,2.887295306125489125e-01,3.480782846974735389e-01,2.475841639105780811e-01,3.457290219215617411e-01,3.178472509100505050e-01
5.967804250520599707e-01,6.064315240328247425e-01,6.084653845464276234e-01,6.405939372926403585e-01,6.558234728152690929e-01,6.438674217547214473e-01,5.815247285956917089e-01,5.836843015759942688e-01,5.781779912386876275e-01,5.879637067163221431e-01,5.677864003073980204e-01,5.688463083295504097e-01,6.043604702908026427e-01,5.993387736481037287e-01,5.791427563382025578e-01,5.931513944677504480e-01,5.912379380925308903e-01,6.019877046547185140e-01,6.129262320913250184e-01,6.006354542209786374e-01,6.260206299244036598e-01,6.129118581936838783e-01,6.298554310900381648e-01,6.245624273992071984e-01,5.294376155401427919e-01,5.382607692159460111e-01,5.339789420385977481e-01,5.347027157157491217e-01,4.147811817278643232e-01,4.435882725241757085e-01,4.666947098703532748e-01,4.382095459201960641e-01,4.044348993544392146e-01,3.921347868271661263e-01,4.219226610359175789e-01,4.471871533646451513e-01,4.716144697747541303e-01,4.475186315891853117e-01,4.331733863714751775e-01,4.631033789842466941e-01,4.669827951709705216e-01,4.064356970700723770e-01,4.222064856531826949e-01,4.146096092743099537e-01,4.588245223236850356e-01,4.277527025569442531e-01,2.158662404023851122e-01,4.769853768941990646e-01,4.350978055258101773e-01,4.120133741706947794e-01,4.197818588926279237e-01,1.641287301672986476e-01,4.127203680477383729e-01,4.151242381604595133e-01,3.443295545984766948e-01,3.307435874579570112e-01,3.891107522040687106e-01,3.410581815825224350e-01,3.696590155220011442e-01,3.805004073134738984e-01,3.451207463821125976e-01,4.035679666301625335e-01,3.566480557903908832e-01,3.439439248569999275e-01,3.809925404369692847e-01,3.491502037001261716e-01,3.948589098207791470e-01,3.657167778306387729e-01,3.784310959200616886e-01,3.779575778747731873e-01,4.419594552927855746e-01,3.291638239337917882e-01,3.607003828725049988e-01,3.829785594336310717e-01,3.234861857455731404e-01,3.904579764331221337e-01,3.108760656989755233e-01,3.817598371489790421e-01,3.568690747040884625e-01,3.255666022529571380e-01,2.733993593207548201e-01,3.595582743998412267e-01,2.011117266248073909e-01,3.391239794345042857e-01,3.890326011066078116e-01,2.857934260562110529e-01,3.473901587876040420e-01,2.464600253700443833e-01,3.430301284944825002e-01,3.159625738708646825e-01
5.996042602341246086e-01,6.095516771890510110e-01,6.123797387813280091e-01,6.434763798156202252e-01,6.438674217547214473e-01,6.625927404455587144e-01,5.826511663560195453e-01,5.857146644462154494e-01,5.800142435846405986e-01,5.896182638928152420e-01,5.689864489383722468e-01,5.701063843207014870e-01,6.078850941960032284e-01,6.012826124473632516e-01,5.815704384431122920e-01,5.954149509308362953e-01,5.942992411847215495e-01,6.052365635921301834e-01,6.161643310684453700e-01,6.035560986617747314e-01,6.306048665366985606e-01,6.183589655075826252e-01,6.339214909042127921e-01,6.284226949955816766e-01,5.330896036138140781e-01,5.426124609406136612e-01,5.385060126755378818e-01,5.394860744513535478e-01,4.197249595896512808e-01,4.477211411030694310e-01,4.707009547909064007e-01,4.436622402120779518e-01,4.091229330035668355e-01,3.956747976703560710e-01,4.257755750293223951e-01,4.506982306844605213e-01,4.751336412154257283e-01,4.521280825032029105e-01,4.359746209947948370e-01,4.659560391552148850e-01,4.702707157417448935e-01,4.089503947043073850e-01,4.253985170604454580e-01,4.164381940581488029e-01,4.632299666764922996e-01,4.311512985148837629e-01,2.254591687917950893e-01,4.804814051148225129e-01,4.372231196403489895e-01,4.141328644582559226e-01,4.228684212149788624e-01,1.732323663356855614e-01,4.149908413456365186e-01,4.172751720143142995e-01,3.472889322147010849e-01,3.338361837080320860e-01,3.920763371970695244e-01,3.432535609878190619e-01,3.715656349951377280e-01,3.821727791548697462e-01,3.471674496432927137e-01,4.055896798497855005e-01,3.594179410722375123e-01,3.460533168120145664e-01,3.845687542383817714e-01,3.535898959854736345e-01,3.977505469929626392e-01,3.686448550027556226e-01,3.816221559273023090e-01,3.809925404369692847e-01,4.431998430231356978e-01,3.318298817940804613e-01,3.630413223046121129e-01,3.846668397856205512e-01,3.251137098236023260e-01,3.942951948856224242e-01,3.136395449705323135e-01,3.849022096564737039e-01,3.593377432994098730e-01,3.282191884546882821e-01,2.744641242289082572e-01,3.629013945382392192e-01,2.013105438615251930e-01,3.392665977348467976e-01,3.914331823931689880e-01,2.848840439068436314e-01,3.459114479661665187e-01,2.464384008095444334e-01,3.454046444194412979e-01,3.173918441745712804e-01
5.455136888582476917e-01,5.510687151926934035e-01,5.537243195123395800e-01,5.829856224212782712e-01,5.815247285956917089e-01,5.826511663560195453e-01,5.564958649218906261e-01,5.469352193842883514e-01,5.346369504878331069e-01,5.439107070107164210e-01,5.231455161088680583e-01,5.244652945152580292e-01,5.526378374418230432e-01,5.480959491964297881e-01,5.276291421158714190e-01,5.431807632747452930e-01,5.419135803042208765e-01,5.503950381938400582e-01,5.616868549295567226e-01,5.493831774972396387e-01,5.744415841272942913e-01,5.615134772914922578e-01,5.773037130520747295e-01,5.732680498007123315e-01,4.795068845764260401e-01,4.855825714284187078e-01,4.845438216599833314e-01,4.855121909758172150e-01,3.595983666494645958e-01,3.885244825058625229e-01,4.096595317307488160e-01,3.813073924003064219e-01,3.493725631170973567e-01,3.404884001011514449e-01,3.673709404660293609e-01,3.912772084352957314e-01,4.183393936422875048e-01,3.965676730277064577e-01,3.814254390891504420e-01,4.114397714221406099e-01,4.127776701023087580e-01,3.555021368284957961e-01,3.709502973274559912e-01,3.621014934285138320e-01,3.960436848209416549e-01,3.679881653431584798e-01,1.774722069852761042e-01,4.152576171275642047e-01,3.742415222230703331e-01,3.536100402714754121e-01,3.595582743998412267e-01,1.262707202185937017e-01,3.545765800354962471e-01,3.591572789044978897e-01,2.912599387837355169e-01,2.781430073211910714e-01,3.318913438776428526e-01,2.902271786823002464e-01,3.171640858793449702e-01,3.259987693530416730e-01,2.891726445110203714e-01,3.427660218589424490e-01,3.019893566977875365e-01,2.875684082225192228e-01,3.201220822015256595e-01,2.883074023407591890e-01,3.312765963074412734e-01,3.086489911086595650e-01,3.156516728063231136e-01,3.195640550324374551e-01,3.776023095119509509e-01,2.740808862323673711e-01,3.035786841331297725e-01,3.229088814338567093e-01,2.688132582962362571e-01,3.300257422450296740e-01,2.529146793911527524e-01,3.219599311998828650e-01,2.970224054709102446e-01,2.678304529385516775e-01,2.222881652893181625e-01,3.018638118142771276e-01,1.593082703725609561e-01,2.828731267456126575e-01,3.297384971920545582e-01,2.367262003766987533e-01,2.926709816784462403e-01,2.033419438692911085e-01,2.856242775909166864e-01,2.617933045158055694e-01
5.493028019615925350e-01,5.549841926181431351e-01,5.577342797989265355e-01,5.857297888729021684e-01,5.836843015759942688e-01,5.857146644462154494e-01,5.469352193842883514e-01,5.599508594256750182e-01,5.376554454725309684e-01,5.469190833029929921e-01,5.253159673217637771e-01,5.264652082100348407e-01,5.531333788458062672e-01,5.489811981672972907e-01,5.292221780345318649e-01,5.444130788563152912e-01,5.425312343044100816e-01,5.512931147374018348e-01,5.616710953640263737e-01,5.498170297235163151e-01,5.755357829968531513e-01,5.629305725514605063e-01,5.773804571657261686e-01,5.730825394777558923e-01,4.794182330680513138e-01,4.866199517991909307e-01,4.850721705641292125e-01,4.854769983892716079e-01,3.595582743998412267e-01,3.882507822524100538e-01,4.087202981504063359e-01,3.804216460005853673e-01,3.486244705967632695e-01,3.396128915291973804e-01,3.665740429368750108e-01,3.902823461765388413e-01,4.172561576396187633e-01,3.951697977761266523e-01,3.799883601516810261e-01,4.105021857567620058e-01,4.107701560788554751e-01,3.537308990991894220e-01,3.699571306285934780e-01,3.599992161065236895e-01,3.956747976703560710e-01,3.678687277481835771e-01,1.832856552229557845e-01,4.155243215052398242e-01,3.744988725235334215e-01,3.531063347585790546e-01,3.591372256467304513e-01,1.318626330911587541e-01,3.538316057670951587e-01,3.581943486913218289e-01,2.902482621878967883e-01,2.771018341226422765e-01,3.302513919220702032e-01,2.889616533337783788e-01,3.155065624408131542e-01,3.246194752199322298e-01,2.894257968407888959e-01,3.438830253390187663e-01,3.039757525866663701e-01,2.874416891003586660e-01,3.204939769750708711e-01,2.895523578269449949e-01,3.318298817940804613e-01,3.093986665187674068e-01,3.172469113123674300e-01,3.188196739223915221e-01,3.775430873047266322e-01,2.747621379657055329e-01,3.045398261063567702e-01,3.222694426941064005e-01,2.683646555805755951e-01,3.321371640303235062e-01,2.529577793457367108e-01,3.230738500673230318e-01,2.997279496458885584e-01,2.681937286742776538e-01,2.215877211313768691e-01,3.033696583653696655e-01,1.569962247948652190e-01,2.829578472545486445e-01,3.299847109776094523e-01,2.344647199510382363e-01,2.898054494237218837e-01,2.008907991498297407e-01,2.845455381028182962e-01,2.602485944409940744e-01
5.369184933205675136e-01,5.458047124180304133e-01,5.486916157008774331e-01,5.791121537646755080e-01,5.781779912386876275e-01,5.800142435846405986e-01,5.346369504878331069e-01,5.376554454725309684e-01,5.503308410593868993e-01,5.449474329650060289e-01,5.212365948553557837e-01,5.221247266288278066e-01,5.491420203943809808e-01,5.459340139738383391e-01,5.254493110452500559e-01,5.395513600093432283e-01,5.388655381124908272e-01,5.485306796348525804e-01,5.586852202798724409e-01,5.477415052945586726e-01,5.709915000489199643e-01,5.593658254440933009e-01,5.741329877927127123e-01,5.691265565066341292e-01,4.748840468280417504e-01,4.809416750764870518e-01,4.799145554565441563e-01,4.798259489710367531e-01,3.527435399736189581e-01,3.819171663728956889e-01,4.022372615238709592e-01,3.738058749932087754e-01,3.406105172045449936e-01,3.308256025656690080e-01,3.586357864603438306e-01,3.829589131818304515e-01,4.103490280143563540e-01,3.885049347604700998e-01,3.728944432203868398e-01,4.017547018390860702e-01,4.039340934088389012e-01,3.475925876445741802e-01,3.617213534044855239e-01,3.531466387385096550e-01,3.878401034239145062e-01,3.593176930267978353e-01,1.737236272534811998e-01,4.064549166444358375e-01,3.649985898955302455e-01,3.427457037187682243e-01,3.497363391049811421e-01,1.221225221615149792e-01,3.445933396090209988e-01,3.478152219687361546e-01,2.818137482980939135e-01,2.684287488148199285e-01,3.209277293646553009e-01,2.803082500424059487e-01,3.067522693261590661e-01,3.141376541915778531e-01,2.799900102172973582e-01,3.334065156474611546e-01,2.910281536675773384e-01,2.769955553129840320e-01,3.129543628878198036e-01,2.824282716803352411e-01,3.218154689426711013e-01,3.005659022105657829e-01,3.073569845322062788e-01,3.104600485065221460e-01,3.664345305105760620e-01,2.652211858475514439e-01,2.946695299833015369e-01,3.129543628878198036e-01,2.572411807000745676e-01,3.206385760499817494e-01,2.438200233446562171e-01,3.125389423695043023e-01,2.895734503404600035e-01,2.611498377911507518e-01,2.132526415882552151e-01,2.926709816784462403e-01,1.468526488557486964e-01,2.729519580133654144e-01,3.193159717621585347e-01,2.245192970409578825e-01,2.796717088432640885e-01,1.894414836358548904e-01,2.767191986928349556e-01,2.529362294939373479e-01
5.470642934052841744e-01,5.537243195123395800e-01,5.568612961482679591e-01,5.889720698744003169e-01,5.879637067163221431e-01,5.896182638928152420e-01,5.439107070107164210e-01,5.469190833029929921e-01,5.449474329650060289e-01,5.677864003073980204e-01,5.280111459120367945e-01,5.296032902458215341e-01,5.566865515713942392e-01,5.533889891314246468e-01,5.326115090627562276e-01,5.477898501382414409e-01,5.478543042393860807e-01,5.550957044074539271e-01,5.677395962200995072e-01,5.542349539790011326e-01,5.802433620002914738e-01,5.677239940419311903e-01,5.825751260750959837e-01,5.779633790641751645e-01,4.841737669300947289e-01,4.896363538324857712e-01,4.897063639127782197e-01,4.900913064769137351e-01,3.617213534044855239e-01,3.926801639942312239e-01,4.130068456451879699e-01,3.834499655150494513e-01,3.509683509677604119e-01,3.417700561473259735e-01,3.695596269012655921e-01,3.925438455718262554e-01,4.227171614010864498e-01,3.999189406337790853e-01,3.833714116996477794e-01,4.127776701023087580e-01,4.144380073387577412e-01,3.587762103127382640e-01,3.728349769898717248e-01,3.637407154567693923e-01,4.021793661534242559e-01,3.723194747328670839e-01,1.859986885219825081e-01,4.201800616171195712e-01,3.779575778747731873e-01,3.565073866000383340e-01,3.621214974636194350e-01,1.343050670921634160e-01,3.575118116178218619e-01,3.612410045651893720e-01,2.947536230037565708e-01,2.814746018785702630e-01,3.333041933029999848e-01,2.935127885766811162e-01,3.199567639532265306e-01,3.264719389333732291e-01,2.925236187747535799e-01,3.481389836990842479e-01,3.052915919261703914e-01,2.889616533337783788e-01,3.250725303847602499e-01,2.945013302510838815e-01,3.346951036632677678e-01,3.133696636972161942e-01,3.190885236418236626e-01,3.223519674606367680e-01,3.801656336234997546e-01,2.775906292866319736e-01,3.082531743638863286e-01,3.258547287806497494e-01,2.707771890105200030e-01,3.317274387275111480e-01,2.555849724077876584e-01,3.246400718703311150e-01,3.013405954686949606e-01,2.717369881836017576e-01,2.257432335591071648e-01,3.059595089298243198e-01,1.620221303418331871e-01,2.880118458472456511e-01,3.325467640294118565e-01,2.373563495742728735e-01,2.933234216536170780e-01,2.061873706647142646e-01,2.891937420839608142e-01,2.653281996999896086e-01
5.332379086130036860e-01,5.405787517133509024e-01,5.425312343044100816e-01,5.687528629013079984e-01,5.677864003073980204e-01,5.689864489383722468e-01,5.231455161088680583e-01,5.253159673217637771e-01,5.212365948553557837e-01,5.280111459120367945e-01,5.336990923764545203e-01,5.234631608289488369e-01,5.418160024229130567e-01,5.375244917215169504e-01,5.177233256826132557e-01,5.311751847825252337e-01,5.322155873701442941e-01,5.429210296189042051e-01,5.523019259169670292e-01,5.416208028381170880e-01,5.632921893916612577e-01,5.514853937424006869e-01,5.668339956998316165e-01,5.618759379236826224e-01,4.668027534692151259e-01,4.730811383065911535e-01,4.718292675563706684e-01,4.725984997312016600e-01,3.454654714911755686e-01,3.751914519258268688e-01,3.954029043563808132e-01,3.671120078545958565e-01,3.349608472533198711e-01,3.243928917495405018e-01,3.521386462970358400e-01,3.767729176581551820e-01,4.051664103780447945e-01,3.843725570910353495e-01,3.683464052645890607e-01,3.973822523498602988e-01,3.995127066759510126e-01,3.442686734114416836e-01,3.586157245847268471e-01,3.507260837945355147e-01,3.798307602948679529e-01,3.523604748373194151e-01,1.627842635300727758e-01,3.986416769125430970e-01,3.585555369702509987e-01,3.373297353370644514e-01,3.434769546387179129e-01,1.140406952966903642e-01,3.379620790901889382e-01,3.418107228598586955e-01,2.768680117947910913e-01,2.641506882874686823e-01,3.140338956875269316e-01,2.760600097693182708e-01,3.007962579076086662e-01,3.083990140120935197e-01,2.754643899982825994e-01,3.275000039088988846e-01,2.874628096530069121e-01,2.742938069861267092e-01,3.081281574174226101e-01,2.770593234122626924e-01,3.169155805532141712e-01,2.942700258253772572e-01,3.005030718418552071e-01,3.050619260222821039e-01,3.622615163692917695e-01,2.606563560460305462e-01,2.900374144548925059e-01,3.084406798206728584e-01,2.532379045710818621e-01,3.156102142080823292e-01,2.398749447701270243e-01,3.074612207060687386e-01,2.841011415438249310e-01,2.570046717615900866e-01,2.112299479786872436e-01,2.879485051714271715e-01,1.460641316248285915e-01,2.718649206214127645e-01,3.150296673623426691e-01,2.239507996570081760e-01,2.765703723172998618e-01,1.892195073589450216e-01,2.729306502421106062e-01,2.490315906286621472e-01
5.339624835309924045e-01,5.399266260651128801e-01,5.424662456900517515e-01,5.698576925428117113e-01,5.688463083295504097e-01,5.701063843207014870e-01,5.244652945152580292e-01,5.264652082100348407e-01,5.221247266288278066e-01,5.296032902458215341e-01,5.234631608289488369e-01,5.358197335637504555e-01,5.422549878480126262e-01,5.385387049130810899e-01,5.179592130019792240e-01,5.335673579544907286e-01,5.342586747515474244e-01,5.431645329656794585e-01,5.538839375580024704e-01,5.424987408089320118e-01,5.646110448144938676e-01,5.524938973332257364e-01,5.676459770330991583e-01,5.627103523691883158e-01,4.682060518298214458e-01,4.745095119647027571e-01,4.738491990181769031e-01,4.741526522885922135e-01,3.467826779744989651e-01,3.770691984813931419e-01,3.977117851686592931e-01,3.690028943898117642e-01,3.371665003968301044e-01,3.272533389131550563e-01,3.550998063584601683e-01,3.773061675921971503e-01,4.075498374799794155e-01,3.864700620457061642e-01,3.709701520186417523e-01,3.994740095396964730e-01,4.013105497729944626e-01,3.464585691664758826e-01,3.607804902823414928e-01,3.532272427660479996e-01,3.832339291758483091e-01,3.547375964225324974e-01,1.667486827301420116e-01,4.011946529596525091e-01,3.605601820994611684e-01,3.398165507678239106e-01,3.457492927730644872e-01,1.176522061555205084e-01,3.414446763775253468e-01,3.440454176237593975e-01,2.801173135364629641e-01,2.668043223439526823e-01,3.171226713483356607e-01,2.792896660316339097e-01,3.043936053140094411e-01,3.104808521924760645e-01,2.779730644225197889e-01,3.304564952412222256e-01,2.899319800271154546e-01,2.751452209228308354e-01,3.091488173892263380e-01,2.770168116172150308e-01,3.193573220145238811e-01,2.973372497688018257e-01,3.024705150238573004e-01,3.075446043329106982e-01,3.637407154567693923e-01,2.635723486835352958e-01,2.921025053623243495e-01,3.103144143785549480e-01,2.558001494100570761e-01,3.176816654152529451e-01,2.418051304809868962e-01,3.086906498143913158e-01,2.865121082757384752e-01,2.579720134076988192e-01,2.128570404107329450e-01,2.908595612110655981e-01,1.500048422638089185e-01,2.741660577595966264e-01,3.174539537200592454e-01,2.253717565327026384e-01,2.797990367750319840e-01,1.921702016555591752e-01,2.748472750553777044e-01,2.514055496001462164e-01
5.595714414886863164e-01,5.680827409484106028e-01,5.713947968609630612e-01,6.036292741961849506e-01,6.043604702908026427e-01,6.078850941960032284e-01,5.526378374418230432e-01,5.531333788458062672e-01,5.491420203943809808e-01,5.566865515713942392e-01,5.418160024229130567e-01,5.422549878480126262e-01,6.657835988741378497e-01,6.050614620388680143e-01,5.856390361941691269e-01,5.975062812521985123e-01,5.960684339690985878e-01,5.975210844615630457e-01,6.146481552493169298e-01,5.977134891212069201e-01,6.202607697591978608e-01,6.076818389997999947e-01,6.258385933767354192e-01,6.208553621042833814e-01,5.405298647991598759e-01,5.462086934492522694e-01,5.430996076701112285e-01,5.458370402444709946e-01,4.112676269955953812e-01,4.418853487345079656e-01,4.601685038033187514e-01,4.318445401483541612e-01,4.011946529596525091e-01,3.915501481038735077e-01,4.163811016438738188e-01,4.413849717276623341e-01,4.682779523180525261e-01,4.478131757030972548e-01,4.305325721313059684e-01,4.623977588358396673e-01,4.626873149585857825e-01,4.077993924054322816e-01,4.225091406966776653e-01,4.095828921118369048e-01,4.461551021461093169e-01,4.138276284628226165e-01,2.272284843334445026e-01,4.653249522423842932e-01,4.217523265563770107e-01,4.018319263936482311e-01,4.077610033040157123e-01,1.771823205932682999e-01,4.027195978190656889e-01,4.041267397578591214e-01,3.355126059748713696e-01,3.205352925209994375e-01,3.780365112909970238e-01,3.332427961271798855e-01,3.604800600558148993e-01,3.691421023653649325e-01,3.359620170376118597e-01,3.868420994361989051e-01,3.404476918470034641e-01,3.325262870072144272e-01,3.660757086144028616e-01,3.342248115092848471e-01,3.776220495612616634e-01,3.514325650539871781e-01,3.635808902803852605e-01,3.630213336260150747e-01,4.233031619268506907e-01,3.173297319059112387e-01,3.452627032991978928e-01,3.688437792857534037e-01,3.110424392392098780e-01,3.722599789097646439e-01,2.984072364547743494e-01,3.657965496332935551e-01,3.421766656554910413e-01,3.122688548976422784e-01,2.646431981825463353e-01,3.408547169354766426e-01,1.979284074305491248e-01,3.271711073339949594e-01,3.744592839235676984e-01,2.792896660316339097e-01,3.359211678032952841e-01,2.394409334646384890e-01,3.326696195775451503e-01,3.090238768166672090e-01
5.551434890672527489e-01,5.643129840421370336e-01,5.681918819625035866e-01,5.983937529666640831e-01,5.993387736481037287e-01,6.012826124473632516e-01,5.480959491964297881e-01,5.489811981672972907e-01,5.459340139738383391e-01,5.533889891314246468e-01,5.375244917215169504e-01,5.385387049130810899e-01,6.050614620388680143e-01,6.682373395290925888e-01,5.815247285956917089e-01,5.931812392344278928e-01,5.924196884042643996e-01,5.935988947910653124e-01,6.104623976776678562e-01,5.936138051514017189e-01,6.151779038340057237e-01,6.037902245782550414e-01,6.220282917960262559e-01,6.168779278802318800e-01,5.359182040754777443e-01,5.385223589969745372e-01,5.372952602586011928e-01,5.394371060255128691e-01,4.056666192584106323e-01,4.334351905238104097e-01,4.543415937146570438e-01,4.274516895130350269e-01,3.955971209408220002e-01,3.839604300573889462e-01,4.097361655672335234e-01,4.347431137036094073e-01,4.636096163485392552e-01,4.421817387726854620e-01,4.251533501484795474e-01,4.571324828731682111e-01,4.571324828731682111e-01,4.002863503082806362e-01,4.169708981856053986e-01,4.048199697433778055e-01,4.396222037368067159e-01,4.075306384249686165e-01,2.246504670599309417e-01,4.579880143382287772e-01,4.134650398334998589e-01,3.939451535164457674e-01,4.005956481527188084e-01,1.738575925103802711e-01,3.961407391501962083e-01,3.971689705977972662e-01,3.297590167214025647e-01,3.140753999894936865e-01,3.688238883774312971e-01,3.268215678505726474e-01,3.514527443577836197e-01,3.626814749790747139e-01,3.243310897950010263e-01,3.785691680630804412e-01,3.262045153444428358e-01,3.229913682040694844e-01,3.559043356020448745e-01,3.260399210227253874e-01,3.670323248317952092e-01,3.425628260290146665e-01,3.540934047072754609e-01,3.552607543432732551e-01,4.131214138076475528e-01,3.077530427342561881e-01,3.353491458852446150e-01,3.594179410722375123e-01,3.012568640010174770e-01,3.637606920983130210e-01,2.910492264540591179e-01,3.606202701405579747e-01,3.330585876430011139e-01,3.040802267411754634e-01,2.557571160364715546e-01,3.338566406338528969e-01,1.917932376611707901e-01,3.196674101357170339e-01,3.626414852633789709e-01,2.725896894954572547e-01,3.321371640303235062e-01,2.353348219607329095e-01,3.248872076559780053e-01,3.028260547502260591e-01
5.374262593901860674e-01,5.465478412798967511e-01,5.512770888426973270e-01,5.784231643669522915e-01,5.791427563382025578e-01,5.815704384431122920e-01,5.276291421158714190e-01,5.292221780345318649e-01,5.254493110452500559e-01,5.326115090627562276e-01,5.177233256826132557e-01,5.179592130019792240e-01,5.856390361941691269e-01,5.815247285956917089e-01,6.495197741092796351e-01,5.732835063422623278e-01,5.704015701667569660e-01,5.742101521770512917e-01,5.879486426542389621e-01,5.719527525345921015e-01,5.952960510899426572e-01,5.859566063246962608e-01,6.011944099953532294e-01,5.953257784947773024e-01,5.102355929748570995e-01,5.152755778269576536e-01,5.135486590806056517e-01,5.150895422300728610e-01,3.831553601081887916e-01,4.104447543169163493e-01,4.306075908400922025e-01,4.013298646594045671e-01,3.733106210495942823e-01,3.626414852633789709e-01,3.875857964693817936e-01,4.128922644093630523e-01,4.340146394007778907e-01,4.136368086986307313e-01,3.951309417298476956e-01,4.283168463452782238e-01,4.304387903796270676e-01,3.748946834147477425e-01,3.895990696434986078e-01,3.765555960432869220e-01,4.171991123236218901e-01,3.860783078234005239e-01,2.024589404532098347e-01,4.346870973958044670e-01,3.908091516884943384e-01,3.761998894474379296e-01,3.806382263291772095e-01,1.597121386040272484e-01,3.718434224996518545e-01,3.732908064628081002e-01,3.071484900576369470e-01,2.927972816751756024e-01,3.497969581880490120e-01,3.033696583653696655e-01,3.259987693530416730e-01,3.373093320785832683e-01,3.035995851032527448e-01,3.571101406865428429e-01,3.056882039250523597e-01,3.059386410775518650e-01,3.345110961381927983e-01,3.093570279624220931e-01,3.528644833594745123e-01,3.218567454026647345e-01,3.386145011306392338e-01,3.352265375655065216e-01,3.924464647094082492e-01,2.877795843861643554e-01,3.152992363199664805e-01,3.390832284850132106e-01,2.864487080932630603e-01,3.497363391049811421e-01,2.759536646300795870e-01,3.425425046828329267e-01,3.197500887418827653e-01,2.858145683625338274e-01,2.338554248520035572e-01,3.159832981969528665e-01,1.679347267275079769e-01,2.961615016323613236e-01,3.421563382217417959e-01,2.461788869488638898e-01,3.018010354458470768e-01,2.097117386094295988e-01,3.029724289721072994e-01,2.796504865646781690e-01
5.505394579529363508e-01,5.570042323292782038e-01,5.604248017819430938e-01,5.918964420273891136e-01,5.931513944677504480e-01,5.954149509308362953e-01,5.431807632747452930e-01,5.444130788563152912e-01,5.395513600093432283e-01,5.477898501382414409e-01,5.311751847825252337e-01,5.335673579544907286e-01,5.975062812521985123e-01,5.931812392344278928e-01,5.732835063422623278e-01,6.552983296703387417e-01,5.843821174833464527e-01,5.857146644462154494e-01,6.019583445314341530e-01,5.859414880165563222e-01,6.095516771890510110e-01,5.969286383966155851e-01,6.156070223308088840e-01,6.095950813765547149e-01,5.290895671799233924e-01,5.316542995828917872e-01,5.306130310615878587e-01,5.305137789647323965e-01,3.972659221689862075e-01,4.279031735138883463e-01,4.450664773315927136e-01,4.188710742962870603e-01,3.881530155568506113e-01,3.783521899904034869e-01,4.045889447282440821e-01,4.283544440694555533e-01,4.536287584995358779e-01,4.336595358699471547e-01,4.169328573829628737e-01,4.485307198713442967e-01,4.509550414284148045e-01,3.937506366912923439e-01,4.088161780313948612e-01,3.984480169610077338e-01,4.331359798090121394e-01,4.017353948075195191e-01,2.176873437015355295e-01,4.509183587489034584e-01,4.081064533097169544e-01,3.872727222923217916e-01,3.942757511428869877e-01,1.661890602564743691e-01,3.888176567158498909e-01,3.909261848365006564e-01,3.260399210227253874e-01,3.087947913973530523e-01,3.631812336981924405e-01,3.210929329772188034e-01,3.455465697381076007e-01,3.557233624581577769e-01,3.189024023798586738e-01,3.730728235322046116e-01,3.242074775795362185e-01,3.196880802436755098e-01,3.518360890686319520e-01,3.209483808845061126e-01,3.644197334827911638e-01,3.388183163002514986e-01,3.488873645972901949e-01,3.503423980846483432e-01,4.092187749755784587e-01,3.059595089298243198e-01,3.316659691318302738e-01,3.527233815966052122e-01,2.966865003544840174e-01,3.609607124912179166e-01,2.890882514102259271e-01,3.523806391055483433e-01,3.289585243508623691e-01,2.990153261128558060e-01,2.512545692296671573e-01,3.284451393657540907e-01,1.905066998742727113e-01,3.170398386579341143e-01,3.590168991365874640e-01,2.690268376683570550e-01,3.227438931763987884e-01,2.296506654962568728e-01,3.206798873269208761e-01,2.977569415866777036e-01
5.531014202344517461e-01,5.595556273146122805e-01,5.633864887521218279e-01,5.898585157142577362e-01,5.912379380925308903e-01,5.942992411847215495e-01,5.419135803042208765e-01,5.425312343044100816e-01,5.388655381124908272e-01,5.478543042393860807e-01,5.322155873701442941e-01,5.342586747515474244e-01,5.960684339690985878e-01,5.924196884042643996e-01,5.704015701667569660e-01,5.843821174833464527e-01,6.658348661070156993e-01,6.026918593519949852e-01,6.277954001694290298e-01,6.021931799448940748e-01,6.259226187201037961e-01,6.111119257446935293e-01,6.317129831031158549e-01,6.262025982697154713e-01,5.544582254848596792e-01,5.568612961482679591e-01,5.553823574013779796e-01,5.592709025065174533e-01,4.199335742363426438e-01,4.532995616705166042e-01,4.725448557107871927e-01,4.406617200968583337e-01,4.139802580973919177e-01,4.013491791888874616e-01,4.295567877652851085e-01,4.510100625913436301e-01,4.853010118558440111e-01,4.646031303485385622e-01,4.472792429772894374e-01,4.789393458472008258e-01,4.775187465853849011e-01,4.243042137217162835e-01,4.391577531717932859e-01,4.257378758829885590e-01,4.609122358478297543e-01,4.220740444615811438e-01,2.282980840741641315e-01,4.771098612723317922e-01,4.293690217683164279e-01,4.116310085850832801e-01,4.147430570641555958e-01,1.725623261844490830e-01,4.168187262114816383e-01,4.189090405041650533e-01,3.508876004619460032e-01,3.326900944045900754e-01,3.889349043598889777e-01,3.493927756588328659e-01,3.750529695206089587e-01,3.780562437863665970e-01,3.355738983007932608e-01,3.889739841084831617e-01,3.406512203522841231e-01,3.374929499948250422e-01,3.696788922312100323e-01,3.363908576725020971e-01,3.821924392550922756e-01,3.559043356020448745e-01,3.668330937090827915e-01,3.683265059148611020e-01,4.287115484683844402e-01,3.208864254094360158e-01,3.493725631170973567e-01,3.699770022613709797e-01,3.163770030842560366e-01,3.713274784538015405e-01,3.037249847875892472e-01,3.682867062029366867e-01,3.430504421439033447e-01,3.170812556078244637e-01,2.734419628037479399e-01,3.418513882923086555e-01,2.160418340666153403e-01,3.399998168389854469e-01,3.772469299447748781e-01,2.925446714689838301e-01,3.547577219917332214e-01,2.616431830720610252e-01,3.451410269086702121e-01,3.212168228645245760e-01
